kinematics:
  shoulder:
    x: 0
    y: 0
    z: 0.1520191571734138
    roll: -0
    pitch: 0
    yaw: -7.116396300715921e-08
  upper_arm:
    x: -0.00013066291756684
    y: 0
    z: 0
    roll: 1.570172798650816
    pitch: 0
    yaw: 9.840170378756651e-07
  forearm:
    x: -0.2438359970578563
    y: 0
    z: 0
    roll: 0.001610292072829663
    pitch: 0.001667590199356964
    yaw: -1.287577211222231e-05
  wrist_1:
    x: -0.2133043306695955
    y: -0.0008013472135178658
    z: 0.131358241369235
    roll: 0.006100395867618374
    pitch: 0.000506447004486745
    yaw: 9.293600004812816e-06
  wrist_2:
    x: 2.989504277214012e-05
    y: -0.08535338241833199
    z: -7.223535406508453e-05
    roll: 1.571642635807762
    pitch: 0
    yaw: 2.032291140177407e-06
  wrist_3:
    x: -0.0001125599383052329
    y: 0.09219680274335956
    z: -0.0001629448255333529
    roll: 1.569028969890651
    pitch: 3.141592653589793
    yaw: -3.141592608256776
  hash: calib_15995363979039184031